+19073069955
+447515914685
+16503092217
+13364552702
+16502729464
+14153085034
+19176878229
+918328352202
+17324919080
+919959736189
+14155704565
+919799143281
+15129863324
+17036398107
+14158664954
+13038775964
+14702984575
+13609537945
+919795940392
+14164090926
+17038616908
+16506861803
+14159993618
+19088920725
+19417185370
+14159050495
+17035173349
+16469456136
+15108476106
+14074175015
+19498361199
+919999781759
+12405155510
+15145780275
+12107732058
+4915222824063
+447578359851
+16265127719
+14083906065
+19175861476
+14084317342
+14158103343
+639174223311
+14088397211
+14159366889
+15105126004
+13057242804
+14174382980
+16506699579
+16463735251
+6598967047
+447960716129
+16692262849
+639165563948
+15033198708
+14153859063
+972522899252
+18582422996
+14152500002
+12672835951
+13107394208
+19498360632
+14084802672
+19257758885
+13612327072
+447511624004
+919582885732
+918121016516
+919971259901
+16179090151
+17607092230
+13102547250
+14255269456
+447579061333
+14152384586
+14087991764
+919113675860
+17815076692
+19492950524
+13143592522
+972559861342
+12178983958
+16475628292
+14454004781
+19499230428
+16503055064
+14439774653
+12162622772
+14385272108
+15083672842
+15137061124
+14027795871
+14157227714
+19736475056
+380505901928
+919740603291
+41798539424
+14158715307
+16304999932
+50764842600
+18082787004
+12034518641
+18323495045
